Palette: 98
EffectColorB: 18
TerrainLight: 0.5
TerrainWaves: 0
TerrainDepth: 0.5978262
TerrainPalette: torrid_desert
PlacedObjects: NoSpearStickZone><481.8538><220.171><-2~196, MudPit><151.7776><551.0813><670~114~38, TerrainHandle><37.08069><251.817><-72~-10~130~-41~63, TerrainHandle><980.6691><249.5671><-98~-5~88~13~36, TerrainHandle><300.95><151.2459><-142~13~139~-10~28, TerrainHandle><731.8><99.2536><-46~-3~48~27~51, TerrainHandle><593.1902><126.1884><-40~0~55~-1~20, TerrainHandle><-201.1774><239.3137><-82~8~40~0~20, TerrainHandle><805.5725><186.4077><-42~-19~45~19~20, TerrainHandle><-106.2393><228.4497><-40~0~40~0~20, BlackSpot><-191.5645><16.57498><-5~601~260~264~259~0, BlackSpot><903.1096><211.0826><0~40~193~222~203~-220, LightSource><155.2512><189.8><1~Environment~136~187~70~172.6025~1~0~None~0~0, LightSource><803.0825><182.6822><1~Environment~-91~142~50~86.60254~1~0~None~0~0, InsectGroup><173.6474><195.3283><0~100~49~79~Moth~0.5, 
FadePalette: 9, 0.5
